<?xml version="1.0" encoding="UTF-8" standalone="no"?>
<!-- Created with Inkscape (http://www.inkscape.org/) -->

<svg
   width="7.1425261in"
   height="4.4273729in"
   viewBox="0 0 181.42016 112.45527"
   version="1.1"
   id="svg1"
   inkscape:version="1.4.2 (ebf0e940d0, 2025-05-08)"
   xml:space="preserve"
   sodipodi:docname="BTSWithDash.svg"
   xmlns:inkscape="http://www.inkscape.org/namespaces/inkscape"
   xmlns:sodipodi="http://sodipodi.sourceforge.net/DTD/sodipodi-0.dtd"
   xmlns="http://www.w3.org/2000/svg"
   xmlns:svg="http://www.w3.org/2000/svg"><sodipodi:namedview
     id="namedview1"
     pagecolor="#000000"
     bordercolor="#000000"
     borderopacity="0.25"
     inkscape:showpageshadow="2"
     inkscape:pageopacity="0.0"
     inkscape:pagecheckerboard="0"
     inkscape:deskcolor="#d1d1d1"
     inkscape:document-units="mm"
     inkscape:zoom="0.87310606"
     inkscape:cx="-196.42516"
     inkscape:cy="59.557484"
     inkscape:window-width="1920"
     inkscape:window-height="2075"
     inkscape:window-x="0"
     inkscape:window-y="48"
     inkscape:window-maximized="1"
     inkscape:current-layer="layer1" /><defs
     id="defs1" /><g
     inkscape:label="Layer 1"
     inkscape:groupmode="layer"
     id="layer1"
     transform="translate(-145.16638,-84.501615)"><path
       id="path3"
       style="fill:#ffffff;fill-opacity:1;stroke-width:2;stroke-linecap:square;paint-order:markers stroke fill"
       d="m 223.32105,98.381047 a 6.9774737,6.9774737 0 0 1 6.97576,6.978763 6.9774737,6.9774737 0 0 1 -6.97833,6.97618 6.9774737,6.9774737 0 0 1 -6.97662,-6.9779 6.9774737,6.9774737 0 0 1 6.97748,-6.977043 z m 49.64212,-13.13054 -4.1189,35.660453 h -11.5858 q -1.58588,-8.21578 -2.79733,-18.67824 -0.55065,4.47133 -2.57706,18.67824 h -11.51972 l -4.14093,-35.660453 h 9.00873 l 0.94713,12.444814 0.96915,12.004289 q 0.5066,-9.31709 2.55504,-24.449103 h 9.64749 q 0.19823,1.563861 1.0132,11.762001 l 1.01321,13.546122 q 0.77092,-12.929388 2.57707,-25.308123 z m 10.0111,0 v 35.660453 h -9.27304 V 85.250507 Z m 21.28853,0 v 7.136495 h -5.50656 V 120.91096 H 289.4832 V 92.387002 h -5.48453 v -7.136495 z m 22.32375,0 v 35.660453 h -9.27303 v -14.97783 h -2.77531 v 14.97783 h -9.27304 V 85.250507 h 9.27304 v 12.753181 h 2.77531 V 85.250507 Z m -181.42017,0 h 9.25101 q 4.38322,0 6.62989,0.682812 2.26871,0.682813 3.65636,2.775304 1.38765,2.070465 1.38765,6.695971 0,3.127723 -0.99118,4.361192 -0.96915,1.233464 -3.85459,1.894254 3.21583,0.72687 4.36119,2.42288 1.14537,1.674 1.14537,5.15414 v 3.30393 q 0,3.6123 -0.837,5.35238 -0.81497,1.74007 -2.62112,2.37883 -1.80615,0.63876 -7.40081,0.63876 h -10.72677 z m 9.27304,6.101263 v 7.929439 q 0.59471,-0.02203 0.9251,-0.02203 1.36563,0 1.74007,-0.660787 0.37445,-0.682813 0.37445,-3.854588 0,-1.673993 -0.30837,-2.33478 -0.30837,-0.682813 -0.81497,-0.859022 -0.48458,-0.17621 -1.91628,-0.198236 z m 0,13.48005 v 9.97787 q 1.96033,-0.0661 2.48896,-0.61673 0.55066,-0.55066 0.55066,-2.70922 v -3.32596 q 0,-2.29073 -0.48458,-2.77531 -0.48458,-0.48457 -2.55504,-0.55065 z m 33.20471,-19.581313 v 7.136495 h -5.50656 v 28.523958 h -9.27303 V 92.387002 h -5.48453 v -7.136495 z m 20.64976,10.792848 h -8.61225 v -2.643147 q 0,-1.850202 -0.33039,-2.356805 -0.33039,-0.506604 -1.10131,-0.506604 -0.837,0 -1.27752,0.682813 -0.4185,0.682813 -0.4185,2.070465 0,1.784124 0.48458,2.687199 0.46255,0.903075 2.62112,2.180596 6.18936,3.678378 7.79728,6.035188 1.60791,2.3568 1.60791,7.59904 0,3.81054 -0.90307,5.61669 -0.88105,1.80615 -3.43609,3.03962 -2.55505,1.21144 -5.94708,1.21144 -3.72243,0 -6.36558,-1.40968 -2.62112,-1.40968 -3.43609,-3.59027 -0.81497,-2.1806 -0.81497,-6.18937 v -2.33478 h 8.61225 v 4.33916 q 0,2.00439 0.35242,2.57707 0.37445,0.57268 1.29955,0.57268 0.9251,0 1.36562,-0.72686 0.46255,-0.72687 0.46255,-2.15857 0,-3.14975 -0.85902,-4.1189 -0.88105,-0.96916 -4.33916,-3.23786 -3.45812,-2.29072 -4.58146,-3.32596 -1.12334,-1.03523 -1.87223,-2.863406 -0.72686,-1.828176 -0.72686,-4.669559 0,-4.096877 1.03523,-5.991132 1.05726,-1.894255 3.39204,-2.951513 2.33478,-1.079285 5.63871,-1.079285 3.6123,0 6.14532,1.16739 2.55504,1.167389 3.37001,2.951513 0.83699,1.762098 0.83699,6.013158 z m -61.90175,27.892985 h 13.91498 q 13.47324,0 18.19992,1.23689 4.77085,1.23689 7.24463,4.06406 2.47377,2.82717 3.09222,6.31696 0.61844,3.44562 0.61844,13.60577 v 25.04697 q 0,9.63006 -0.92766,12.89897 -0.8835,3.22475 -3.1364,5.08008 -2.2529,1.81116 -5.56599,2.56212 -3.31309,0.7068 -9.98345,0.7068 h -23.45669 z m 18.59749,12.23636 v 47.0459 q 4.01988,0 4.94755,-1.59028 0.92766,-1.63446 0.92766,-8.79074 v -27.7858 q 0,-4.8592 -0.30922,-6.22861 -0.30922,-1.36941 -1.41359,-1.98785 -1.10436,-0.66262 -4.1524,-0.66262 z m 61.29257,-12.23636 10.64607,71.51862 h -19.03923 l -0.92767,-12.8548 h -6.67036 l -1.10436,12.8548 h -19.26011 l 9.45336,-71.51862 z m -9.85092,45.98572 q -1.41359,-12.148 -2.82718,-29.99453 -2.82717,20.497 -3.53396,29.99453 z m 60.85083,-24.34018 h -17.27225 v -5.30095 q 0,-3.71066 -0.66262,-4.72668 -0.66262,-1.01601 -2.20873,-1.01601 -1.67863,0 -2.56212,1.36941 -0.83932,1.36941 -0.83932,4.15241 0,3.57814 0.97184,5.38929 0.92767,1.81116 5.25677,4.37329 12.41305,7.37715 15.6378,12.10383 3.22474,4.72667 3.22474,15.24022 0,7.6422 -1.81116,11.26451 -1.76698,3.62231 -6.89123,6.09609 -5.12425,2.4296 -11.92713,2.4296 -7.4655,0 -12.76645,-2.82717 -5.25677,-2.82717 -6.89123,-7.20045 -1.63446,-4.37329 -1.63446,-12.41306 v -4.6825 h 17.27226 v 8.70239 q 0,4.01988 0.70679,5.16842 0.75097,1.14854 2.6063,1.14854 1.85533,0 2.73882,-1.45776 0.92767,-1.45776 0.92767,-4.32911 0,-6.31696 -1.72281,-8.26064 -1.76698,-1.94368 -8.70239,-6.49366 -6.93541,-4.59415 -9.18831,-6.67036 -2.2529,-2.0762 -3.75484,-5.74269 -1.45776,-3.66649 -1.45776,-9.36501 0,-8.21646 2.07621,-12.01548 2.12038,-3.79901 6.80288,-5.91939 4.6825,-2.16455 11.30869,-2.16455 7.24462,0 12.3247,2.34125 5.12425,2.34125 6.75871,5.91939 1.67863,3.53397 1.67863,12.05966 z m 47.90768,-21.64554 v 71.51862 H 306.5923 v -30.0387 h -5.56599 v 30.0387 h -18.59749 v -71.51862 h 18.59749 v 25.57707 h 5.56599 v -25.57707 z" /></g></svg>
