<?xml version="1.0" encoding="UTF-8" standalone="no"?>
<!-- Created with Inkscape (http://www.inkscape.org/) -->

<svg
   width="2.0241706in"
   height="0.33583122in"
   viewBox="0 0 51.413934 8.5301131"
   version="1.1"
   id="svg1"
   inkscape:version="1.4 (e7c3feb100, 2024-10-09)"
   xml:space="preserve"
   sodipodi:docname="PornPortal.svg"
   xmlns:inkscape="http://www.inkscape.org/namespaces/inkscape"
   xmlns:sodipodi="http://sodipodi.sourceforge.net/DTD/sodipodi-0.dtd"
   xmlns="http://www.w3.org/2000/svg"
   xmlns:svg="http://www.w3.org/2000/svg"><sodipodi:namedview
     id="namedview1"
     pagecolor="#000000"
     bordercolor="#000000"
     borderopacity="0.25"
     inkscape:showpageshadow="2"
     inkscape:pageopacity="0.0"
     inkscape:pagecheckerboard="0"
     inkscape:deskcolor="#d1d1d1"
     inkscape:document-units="mm"
     inkscape:zoom="5.1800929"
     inkscape:cx="62.643665"
     inkscape:cy="-18.725533"
     inkscape:window-width="1920"
     inkscape:window-height="2123"
     inkscape:window-x="0"
     inkscape:window-y="0"
     inkscape:window-maximized="1"
     inkscape:current-layer="layer1" /><defs
     id="defs1" /><g
     inkscape:label="Layer 1"
     inkscape:groupmode="layer"
     id="layer1"
     transform="translate(-219.11944,-114.53506)"><path
       id="rect2"
       style="fill:#3c8ecd;fill-opacity:1;stroke-width:0.450019;stroke-linecap:round;paint-order:markers stroke fill"
       d="m 223.22617,115.08393 c -0.67807,-10e-4 -1.29811,0.004 -1.85467,0.0295 -1.32726,0.0617 -2.25206,0.98359 -2.25206,2.17506 v 4.10879 c 0.82572,0 2.09807,-0.0145 3.18689,-0.0145 1.78273,0 3.06544,-0.83344 3.06544,-2.25567 0,-1.02825 0.0563,-4.03387 0.0563,-4.03387 v -5.1e-4 c -0.78791,0 -1.52386,-0.007 -2.20193,-0.009 z m -2.1022,1.3007 3.23288,1.81901 -3.19154,1.89032 z" /><path
       id="text2"
       style="font-size:8.78922px;line-height:1.5;font-family:'Droid Sans';-inkscape-font-specification:'Droid Sans';letter-spacing:0px;word-spacing:0px;fill:#ffffff;stroke-width:0.78302;stroke-linecap:round;paint-order:markers stroke fill"
       transform="scale(1.0303744,0.97052104)"
       d="m 242.53366,124.77757 q -0.25321,0 -0.4592,-0.0558 -0.206,-0.0558 -0.37337,-0.14591 -0.16308,-0.0944 -0.29183,-0.21887 -0.12446,-0.12446 -0.22317,-0.26179 h -0.0515 q 0.0129,0.14591 0.0257,0.27895 0.009,0.11158 0.0172,0.23175 0.009,0.11587 0.009,0.18454 v 2.01276 h -0.78107 v -6.82366 h 0.63516 l 0.11158,0.63516 h 0.0343 q 0.0987,-0.15021 0.22317,-0.27895 0.12445,-0.13304 0.28753,-0.22746 0.16738,-0.0987 0.37337,-0.1545 0.206,-0.0601 0.4635,-0.0601 0.40341,0 0.73386,0.1545 0.33046,0.1545 0.56221,0.46349 0.23603,0.30471 0.36478,0.75962 0.12875,0.45491 0.12875,1.05573 0,0.60512 -0.12875,1.06432 -0.12875,0.45491 -0.36478,0.76391 -0.23175,0.309 -0.56221,0.46779 -0.33045,0.15449 -0.73386,0.15449 z m -0.15021,-4.23582 q -0.32616,0 -0.55362,0.0987 -0.22316,0.0987 -0.36478,0.30041 -0.13733,0.20171 -0.206,0.50212 -0.0644,0.30042 -0.073,0.70812 v 0.17595 q 0,0.43346 0.0558,0.77249 0.0601,0.33475 0.19742,0.5665 0.14162,0.22745 0.37337,0.34762 0.23175,0.11587 0.57937,0.11587 0.57936,0 0.84973,-0.46778 0.27467,-0.46779 0.27467,-1.34328 0,-0.89265 -0.27467,-1.33469 -0.27037,-0.44204 -0.85832,-0.44204 z m 7.0125,1.78531 q 0,0.58795 -0.14592,1.04716 -0.14162,0.45491 -0.41199,0.7682 -0.26608,0.30899 -0.64804,0.47207 -0.38195,0.16308 -0.85832,0.16308 -0.44204,0 -0.81541,-0.16308 -0.37337,-0.16308 -0.64803,-0.47207 -0.27037,-0.31329 -0.42487,-0.7682 -0.15021,-0.45921 -0.15021,-1.04716 0,-0.58365 0.14163,-1.03427 0.14591,-0.45491 0.41199,-0.76391 0.26608,-0.31329 0.64804,-0.47208 0.38624,-0.16308 0.86261,-0.16308 0.44204,0 0.81541,0.16308 0.37337,0.15879 0.64374,0.47208 0.27466,0.309 0.42487,0.76391 0.1545,0.45062 0.1545,1.03427 z m -3.29596,0 q 0,0.89695 0.29183,1.35186 0.29612,0.45062 0.95703,0.45062 0.6609,0 0.94844,-0.45062 0.29183,-0.45491 0.29183,-1.35186 0,-0.89694 -0.29612,-1.33898 -0.29183,-0.44633 -0.95274,-0.44633 -0.6609,0 -0.95273,0.44633 -0.28754,0.44204 -0.28754,1.33898 z m 6.56616,-2.43334 q 0.12446,0 0.27896,0.0129 0.1545,0.009 0.26608,0.03 l -0.103,0.72099 q -0.12017,-0.0215 -0.24891,-0.0343 -0.12446,-0.0172 -0.23604,-0.0172 -0.27037,0 -0.49354,0.11158 -0.22316,0.10729 -0.38624,0.31329 -0.15879,0.2017 -0.24892,0.48924 -0.0858,0.28325 -0.0858,0.63087 v 2.54063 h -0.78107 v -4.71219 h 0.63516 l 0.0944,0.86262 h 0.0343 q 0.10729,-0.18454 0.22746,-0.35621 0.12446,-0.17166 0.27466,-0.30041 0.1545,-0.13304 0.34333,-0.21029 0.18883,-0.0815 0.42916,-0.0815 z m 2.89255,4.2444 q 0.0773,0 0.17166,-0.009 0.0987,-0.009 0.18883,-0.0215 0.0901,-0.0129 0.16309,-0.03 0.0772,-0.0172 0.11587,-0.03 v 0.59224 q -0.0558,0.0257 -0.14162,0.0515 -0.0858,0.0258 -0.18884,0.0429 -0.10299,0.0215 -0.21458,0.03 -0.11158,0.0129 -0.21887,0.0129 -0.26608,0 -0.49353,-0.0687 -0.22746,-0.0687 -0.39483,-0.23604 -0.16308,-0.16737 -0.2575,-0.45062 -0.0944,-0.28754 -0.0944,-0.72099 v -2.73376 h -0.6652 v -0.34762 l 0.6652,-0.33474 0.33474,-0.98707 h 0.45062 v 1.08148 h 1.18449 v 0.58795 h -1.18449 v 2.73376 q 0,0.41629 0.13304,0.62658 0.13733,0.21028 0.44633,0.21028 z m 4.21007,0.55362 -0.15879,-0.65232 h -0.0343 q -0.14163,0.19312 -0.28325,0.33474 -0.14162,0.13733 -0.30899,0.22746 -0.16738,0.0901 -0.37337,0.13304 -0.206,0.0429 -0.47637,0.0429 -0.29612,0 -0.54504,-0.0858 -0.24891,-0.0815 -0.43345,-0.2532 -0.18025,-0.17596 -0.28325,-0.43775 -0.103,-0.26608 -0.103,-0.62657 0,-0.70383 0.49354,-1.08149 0.49783,-0.37766 1.51065,-0.41199 l 0.78965,-0.03 v -0.29613 q 0,-0.28753 -0.0644,-0.48066 -0.0601,-0.19312 -0.18025,-0.30899 -0.11587,-0.12017 -0.29183,-0.17167 -0.17166,-0.0515 -0.39483,-0.0515 -0.3562,0 -0.6652,0.103 -0.3047,0.103 -0.58795,0.24892 l -0.27466,-0.58795 q 0.31758,-0.17167 0.70812,-0.29183 0.39053,-0.12017 0.81969,-0.12017 0.43775,0 0.75533,0.0901 0.32187,0.0858 0.52786,0.27896 0.21029,0.18883 0.31329,0.48495 0.103,0.29612 0.103,0.7167 v 3.22729 z m -1.4334,-0.54503 q 0.26179,0 0.48495,-0.0815 0.22317,-0.0815 0.38625,-0.24463 0.16308,-0.16737 0.2532,-0.41628 0.0944,-0.25321 0.0944,-0.59224 v -0.42487 l -0.6137,0.03 q -0.38625,0.0172 -0.64803,0.0858 -0.26179,0.0687 -0.42058,0.19312 -0.1545,0.12017 -0.22317,0.29612 -0.0687,0.17167 -0.0687,0.39054 0,0.39483 0.206,0.57937 0.21028,0.18454 0.54932,0.18454 z m 4.22295,0.54503 h -0.78108 v -6.67775 h 0.78108 z m -40.59577,-3.32169 h 0.26187 q 0.56241,0 0.84575,-0.22317 0.28765,-0.22316 0.28765,-0.72528 0,-0.46779 -0.25759,-0.69095 -0.2533,-0.22317 -0.79852,-0.22317 h -0.33916 z m 2.74332,-0.99566 q 0,0.41199 -0.1245,0.78965 -0.12451,0.37767 -0.41215,0.66521 -0.28334,0.28753 -0.75129,0.4592 -0.46367,0.17166 -1.15057,0.17166 h -0.30481 v 2.23164 h -1.33088 v -6.27433 h 1.74302 q 0.60533,0 1.04324,0.13732 0.44219,0.13305 0.72554,0.38625 0.28764,0.24892 0.42501,0.6137 0.13739,0.3605 0.13739,0.8197 z m 2.17234,1.90977 q 0,0.71669 0.20177,1.08149 0.20178,0.36049 0.65685,0.36049 0.45078,0 0.65257,-0.36479 0.20178,-0.36478 0.20178,-1.07719 0,-0.7167 -0.20178,-1.06861 -0.20179,-0.35621 -0.66115,-0.35621 -0.45078,0 -0.65256,0.35621 -0.19748,0.35191 -0.19748,1.06861 z m 3.04814,0 q 0,0.60083 -0.15456,1.06432 -0.15026,0.46349 -0.4379,0.78107 -0.28335,0.31758 -0.6955,0.48495 -0.40784,0.16309 -0.91873,0.16309 -0.47654,0 -0.8758,-0.16309 -0.39926,-0.16737 -0.6912,-0.48495 -0.28764,-0.31758 -0.45078,-0.78107 -0.16314,-0.46349 -0.16314,-1.06432 0,-0.59654 0.15026,-1.06003 0.15455,-0.46349 0.4379,-0.77678 0.28764,-0.31758 0.6955,-0.48066 0.40784,-0.16308 0.92302,-0.16308 0.47654,0 0.8758,0.16308 0.39927,0.16308 0.68691,0.48066 0.29194,0.31329 0.45508,0.77678 0.16314,0.46349 0.16314,1.06003 z m 3.63201,-2.48055 q 0.0515,0 0.11162,0.004 0.0644,0 0.1202,0.009 0.0601,0.004 0.10733,0.0129 0.0515,0.004 0.0773,0.0129 v 1.2274 q -0.0343,-0.009 -0.0944,-0.0172 -0.0601,-0.009 -0.12879,-0.0129 -0.0644,-0.009 -0.12879,-0.009 -0.0644,-0.004 -0.10733,-0.004 -0.2533,0 -0.46795,0.0644 -0.21037,0.0644 -0.36492,0.21029 -0.15026,0.14162 -0.23612,0.37766 -0.0816,0.23175 -0.0816,0.57079 v 2.44192 h -1.3094 v -4.79802 h 0.99172 l 0.19318,0.72099 h 0.0644 q 0.10304,-0.18453 0.22324,-0.33475 0.12021,-0.1502 0.26618,-0.2532 0.15026,-0.10729 0.33487,-0.16308 0.18889,-0.0601 0.42932,-0.0601 z m 5.47805,4.88814 h -1.3094 v -2.80242 q 0,-0.51928 -0.15885,-0.77679 -0.15456,-0.26178 -0.49801,-0.26178 -0.25759,0 -0.42931,0.103 -0.17173,0.10299 -0.27477,0.30471 -0.0987,0.2017 -0.14167,0.49782 -0.0429,0.29612 -0.0429,0.67808 v 2.25738 h -1.30942 v -4.79802 h 1.00031 l 0.17602,0.6137 h 0.073 q 0.10303,-0.18453 0.249,-0.31758 0.15026,-0.13304 0.32628,-0.21887 0.17601,-0.0858 0.3735,-0.12446 0.19748,-0.0429 0.40356,-0.0429 0.35203,0 0.63967,0.10299 0.28765,0.0987 0.49372,0.31329 0.20607,0.21459 0.31769,0.54933 0.11162,0.33046 0.11162,0.79394 z" /></g></svg>
