<?xml version="1.0" encoding="UTF-8" standalone="no"?>
<!-- Created with Inkscape (http://www.inkscape.org/) -->

<svg
   width="3.3986938in"
   height="1.1849917in"
   viewBox="0 0 86.326823 30.09879"
   version="1.1"
   id="svg1"
   inkscape:version="1.4 (e7c3feb100, 2024-10-09)"
   xml:space="preserve"
   sodipodi:docname="SteveRickz.svg"
   xmlns:inkscape="http://www.inkscape.org/namespaces/inkscape"
   xmlns:sodipodi="http://sodipodi.sourceforge.net/DTD/sodipodi-0.dtd"
   xmlns="http://www.w3.org/2000/svg"
   xmlns:svg="http://www.w3.org/2000/svg"><sodipodi:namedview
     id="namedview1"
     pagecolor="#000000"
     bordercolor="#000000"
     borderopacity="0.25"
     inkscape:showpageshadow="2"
     inkscape:pageopacity="0.0"
     inkscape:pagecheckerboard="0"
     inkscape:deskcolor="#d1d1d1"
     inkscape:document-units="mm"
     inkscape:zoom="1.8314394"
     inkscape:cx="108.38469"
     inkscape:cy="288.84385"
     inkscape:window-width="3780"
     inkscape:window-height="2123"
     inkscape:window-x="0"
     inkscape:window-y="0"
     inkscape:window-maximized="1"
     inkscape:current-layer="layer1" /><defs
     id="defs1" /><g
     inkscape:label="Layer 1"
     inkscape:groupmode="layer"
     id="layer1"
     transform="translate(-79.307824,-63.274566)"><path
       id="text1"
       style="font-size:29.7789px;line-height:1;font-family:'The Macabre';-inkscape-font-specification:'The Macabre';text-align:center;letter-spacing:0px;word-spacing:0px;text-anchor:middle;opacity:0.99;fill:#ffffff;stroke-width:0.957181;stroke-linecap:round;paint-order:markers stroke fill"
       d="m 82.710296,81.348381 q 0.02908,0.654322 0.159945,0.654322 l -0.159945,0.31989 q 0,0.145405 0.159945,0.145405 -0.261729,0.581619 -0.465295,2.486422 l 0.6107,0.145405 0.93059,-0.145405 q 0,0.145405 0.159945,0.145405 l 0.305351,-0.465296 v -1.075995 q 0,-0.348972 0.159945,-0.625241 l -0.159945,-0.30535 q 0.159945,-0.843347 0.159945,-1.395886 v -0.145404 q 0,-0.159946 -0.159945,-0.159946 l 0.159945,-0.30535 q 0,-0.159945 -0.159945,-0.159945 l 0.30535,-0.770645 q 0,-0.159946 -0.145405,-0.159946 l 0.145405,-0.770645 v -0.30535 l -0.30535,0.145405 h -0.159946 q -0.30535,0 -0.30535,-0.30535 l -0.6107,0.30535 q 0,-0.145405 -0.159945,-0.145405 v 0.145405 q -0.683403,-0.218107 -1.235941,-0.6107 -0.276269,0.159945 -0.62524,0.159945 0,-0.436214 -1.235941,-0.930591 l -0.145405,-0.31989 0.145405,-0.91605 -0.30535,0.145404 h -0.159945 v -0.145404 l 0.62524,-1.090536 v -0.465296 q 0,-1.075995 -0.465295,-1.075995 v -1.861181 l 0.159945,-0.30535 q -0.261728,0 -0.465295,-0.30535 0.756105,-2.791772 2.166531,-2.791772 l 1.075996,-1.235941 q 2.006586,0.159945 2.006586,0.30535 0.770645,-0.145405 0.770645,-0.30535 3.02442,1.235941 3.257067,1.541291 l -0.159945,0.785186 v 2.079288 q -0.392593,0 -2.849934,1.192319 l -0.479836,-0.363512 q 0.232648,-1.424967 0.232648,-1.672155 h -0.145405 q -0.276269,0.145405 -0.62524,0.145405 l -0.145405,-0.30535 q -1.090536,0.407133 -1.090536,0.770645 l 0.159945,0.30535 q -0.159945,0.27627 -0.159945,0.625241 h 0.159945 q -0.159945,0.770645 -0.30535,0.770645 l 0.145405,0.30535 q -0.276269,0.567079 -0.465295,1.555832 0.159945,0.290809 0.159945,0.465295 h 0.770645 q 1.468589,0.348971 2.021127,0.756105 0.276269,-0.159945 0.62524,-0.159945 0,0.421673 1.235941,0.93059 0,0.145405 0.145405,0.145405 -0.04362,1.439507 -0.159945,1.875722 0.159945,0.30535 0.159945,0.465295 -0.159945,0 -0.159945,0.159945 h 0.159945 l -0.159945,0.30535 q 0,0.159946 0.159945,0.159946 l -0.159945,0.30535 q 0,0.159945 0.159945,0.159945 l -0.159945,0.30535 v 0.930591 l 0.159945,0.30535 h -0.159945 l 0.159945,0.30535 v 0.159945 h -0.319891 q 0.319891,0.988753 0.319891,1.090536 -0.392593,1.51221 -1.555831,3.707822 -1.163239,0 -1.846641,0.6107 -0.348972,0 -0.625241,-0.145405 l -2.006586,0.30535 q 0,-0.30535 -0.30535,-0.30535 l -1.090536,0.145405 q 0,-0.203567 -1.23594,-2.006586 v -0.6107 q 0,-0.348972 0.159945,-0.625241 -0.159945,-0.30535 -0.159945,-0.465295 0.159945,0 0.159945,-0.159945 h -0.159945 l 0.159945,-0.30535 q 0,-0.145405 -0.159945,-0.145405 l 0.159945,-0.319891 -0.159945,-0.30535 q 0.843347,-0.552538 2.631826,-1.23594 0,-0.116324 0.436215,-0.319891 z m 13.173673,-14.90399 h 0.159945 q 0,0.479835 0.479836,0.479835 l -0.479836,2.10837 q -0.31989,0 -0.31989,0.479836 h -0.785186 l -0.319891,0.145404 q 0,-0.30535 -0.31989,-0.30535 -0.799726,0 -0.959672,1.701236 0,0.159946 0.159946,0.159946 -0.508917,3.489714 -0.625241,3.809605 0.145405,0.479836 0.30535,0.479836 l -0.159945,0.31989 v 0.159946 l 0.159945,0.31989 h -0.159945 q 0,0.159945 0.159945,0.159945 -0.116324,1.584913 -0.30535,1.584913 0,0.159945 0.145405,0.159945 -0.567079,3.082581 -0.785186,3.184365 l 0.159945,0.30535 v 0.159945 q 0,0.159945 -0.159945,0.159945 l 0.159945,0.319891 v 0.31989 q 0,0.363512 -0.159945,0.639781 l 0.159945,0.319891 q -0.159945,0.872429 -0.159945,1.265022 h 0.159945 l -0.159945,0.31989 0.159945,0.319891 q -0.31989,0.04362 -0.31989,0.31989 v 1.265022 l -0.799727,0.159945 v 0.159945 h 0.639781 v 0.799727 q 0,0.31989 -0.31989,0.31989 0,-0.159945 -0.159945,-0.159945 0,0.159945 -0.159946,0.159945 0,-0.363512 -1.904802,-2.384638 0,-0.159946 -0.639781,-0.959672 l 0.799726,-5.728949 -0.159945,-0.30535 0.159945,-0.31989 q 0,-0.159945 -0.159945,-0.159945 l 0.159945,-0.799727 q 0,-0.174485 -0.159945,-0.479835 0.159945,-0.305351 0.159945,-0.465296 h -0.159945 l 0.159945,-0.31989 -0.159945,-0.319891 q 0.479836,-1.352264 0.479836,-1.744857 -0.159946,0 -0.159946,-0.159946 h 0.159946 l -0.159946,-0.31989 q 0.159946,-1.904803 0.319891,-2.064748 l -0.159945,-0.319891 q 0.31989,-1.250481 0.31989,-1.555831 l -0.799726,-0.159945 h -0.639781 q -0.159946,0 -0.159946,0.159945 -0.523457,-0.05816 -1.105076,-0.945131 h -0.159945 l 0.159945,-0.31989 q -0.319891,-0.88697 -0.319891,-1.308643 v -0.319891 q 0.04362,-0.319891 0.319891,-0.319891 h 1.424967 q 0.159945,0 0.159945,0.159946 0.523457,-0.319891 0.959672,-0.319891 h 0.639781 q 0.145405,0 0.145405,0.159945 0.639781,-0.31989 1.119616,-0.31989 l 0.319891,0.159945 q 0.159945,0 0.479836,-0.159945 1.075995,0.159945 1.744857,0.159945 h 0.159945 l 0.785186,-0.159945 q 0,0.159945 0.159946,0.159945 0.05816,-0.31989 0.31989,-0.31989 z m -4.769277,15.252962 v 0.159945 q 0.785186,-0.407133 0.799726,-0.625241 h -0.159945 q -0.639781,0.232648 -0.639781,0.465296 z m -1.105076,0.31989 v 0.319891 h 0.479836 v -0.159946 q -0.174486,0 -0.479836,-0.159945 z m 1.584912,7.633751 h 0.159945 q 0,0.174486 0.159945,0.479836 h -0.31989 z m 6.194243,-22.872172 q 1.395886,0.203566 1.744858,0.479835 v -0.31989 h 1.279561 q 0.36351,0 0.63978,0.159945 0.27627,-0.159945 0.63978,-0.159945 0.52346,0 0.79973,0.159945 l 0.94513,-0.159945 h 0.31989 q 0.36351,0 0.47984,0.799726 -0.13087,0.6107 -1.59946,2.064748 l -0.78518,-0.159945 q -0.13087,0 -1.39589,0.159945 0,-0.159945 -0.15994,-0.159945 0,0.421674 -0.47984,1.119617 0.13087,0.639781 0.31989,0.639781 l -0.15994,0.31989 0.15994,0.319891 h -0.15994 l 0.15994,0.31989 v 0.159946 h -0.31989 q 0,0.159945 0.15995,0.159945 -0.31989,1.177779 -0.31989,1.584912 l 0.31989,1.119617 q 0.47983,0 1.71577,-0.319891 l 0.31989,0.159946 0.31989,-0.159946 q 0.30535,0.159946 0.4653,0.159946 v 0.31989 l -0.15995,0.799727 q 0.15995,0 0.15995,0.159945 -0.50892,0.959671 -2.22469,1.599452 0,-0.159945 -0.59616,-0.159945 -0.27627,0.639781 -0.639785,0.639781 v 0.625241 l -0.159945,0.799726 h 0.159945 l -0.31989,0.959672 h 0.31989 q -0.159945,0.479836 -0.31989,0.479836 l 0.159945,0.31989 q 0,0.30535 -0.319891,1.599453 0.319891,0.04362 0.319891,0.30535 v 0.159945 q -0.479836,0.741564 -0.479836,1.279562 l 0.319891,0.159945 h 0.31989 q 1.599455,0 1.875725,-0.479835 l 0.31989,0.159945 0.63978,-0.159945 q 0.62524,0.159945 1.10507,0.159945 v 0.159945 q 0,0.378053 -0.47983,1.119617 l -0.4653,-0.319891 q -0.85788,1.308644 -2.23923,1.919344 l -0.31989,-0.159946 q -0.959672,0.319891 -0.959672,0.479836 l -0.31989,-0.159945 q -0.843348,0.31989 -2.544584,0.62524 0,-0.159945 -0.639781,-0.62524 l 0.31989,-0.799726 -0.159945,-0.319891 q 0.159945,-0.30535 0.159945,-0.479836 0,-0.159945 -0.159945,-0.159945 l 0.159945,-0.799726 q 0,-0.363512 -0.159945,-0.639781 0.639781,-2.384639 0.639781,-2.704529 l -0.319891,-0.639781 q 0.319891,-1.51221 0.639782,-2.079289 -0.159946,-0.276269 -0.159946,-0.62524 H 96.8291 q 0,-0.159946 -0.159946,-0.159946 0.203567,-1.948424 0.319891,-2.239233 H 96.8291 l 0.159945,-0.319891 Q 96.8291,75.721216 96.8291,75.54673 h 0.159945 L 96.8291,75.22684 q 0,-1.090536 0.479835,-2.384639 -0.159945,-0.31989 -0.159945,-0.479836 l 0.159945,-0.31989 q 0,-0.159945 -0.159945,-0.159945 l 0.159945,-0.799727 V 70.602968 L 97.14899,70.283077 q 0.159945,0 0.159945,-0.159945 -0.31989,0 -0.31989,-0.319891 0,-0.159945 0.159945,-0.159945 L 96.8291,69.018055 h 0.159945 q -0.261729,-0.523457 -0.479836,-1.439507 l 0.959672,-0.639781 q 0.31989,0 0.31989,-0.159945 z m -1.759398,21.679853 h 0.159945 v 0.639781 h -0.159945 z m 3.664201,0.319891 h 0.159945 q 0,0.174486 0.159941,0.479836 h -0.319886 z m 8.709746,-12.650217 q 1.13416,-5.46722 1.27956,-6.455972 l -0.1454,-0.30535 1.33772,-5.205491 0.30535,-0.145405 h 0.58162 q 1.19232,2.704529 1.19232,2.820853 h -0.1454 l 0.1454,0.30535 q -0.1454,0.261728 -0.1454,0.596159 h 0.1454 l 0.30535,-0.145405 0.1454,0.29081 q -0.20356,0 -0.45075,0.886969 -0.59616,0 -0.59616,1.192319 -1.26502,6.67408 -1.26502,7.052133 h 0.1454 q -0.33443,0.91605 -0.90151,1.497669 0,0.145405 0.15995,0.145405 -0.34897,2.384638 -0.74157,2.384638 0,0.741565 0.29081,0.741565 -0.45075,0.756104 -0.45075,1.483128 0,0.145405 0.15994,0.145405 -0.7561,1.541291 -0.7561,1.933884 v 1.643074 q 0,0.886969 -1.33772,0.886969 h -0.14541 q -3.41701,0 -3.41701,-0.741564 v -2.675448 q 0,-0.334431 -0.14541,-0.59616 0.14541,-0.261729 0.14541,-0.59616 -0.14541,-0.290809 -0.14541,-0.450754 h 0.14541 l -0.14541,-0.29081 q 0,-0.145405 0.14541,-0.145405 l -0.14541,-0.30535 v -1.933884 q 0,-0.145404 -0.15994,-0.145404 l 0.30535,-0.741565 q -0.14541,-0.261728 -0.14541,-0.596159 0,-0.145405 0.14541,-0.145405 l -0.14541,-0.30535 v -1.628534 q 0,-0.145405 -0.15994,-0.145405 l 0.15994,-0.30535 -0.15994,-0.290809 h 0.15994 l -0.15994,-0.30535 q 0,-0.145405 0.15994,-0.145405 -0.11632,-0.189026 -0.30535,-2.079288 0.14541,-0.29081 0.14541,-0.450755 -0.29081,-0.479836 -0.29081,-0.886969 h 0.1454 l -0.1454,-0.305351 v -0.290809 h 0.29081 q -0.11633,-0.59616 -0.29081,-0.59616 l 0.1454,-0.30535 q 0,-0.145405 -0.1454,-0.145405 l 0.1454,-0.290809 v -0.450755 q 0,-0.145405 -0.1454,-0.145405 0,-0.218107 0.45075,-1.788479 h 0.14541 q 0,0.159946 2.22469,2.079289 0.20357,1.992045 0.45076,2.675448 h -0.14541 l 0.29081,0.90151 v 3.126202 l 0.30535,0.436215 q -0.29081,0.145405 -0.45075,0.145405 v 0.901509 q 0,0.145405 0.1454,0.145405 0,0.145405 -0.1454,0.145405 l 0.1454,0.741564 v 0.90151 q 0,0.145405 -0.1454,0.145405 l 0.1454,0.290809 v 0.30535 l -0.1454,0.741565 h 0.59616 l 0.74156,-2.224693 q -0.29081,-0.494377 -0.29081,-0.756105 0.33443,0 0.43622,-0.741565 -0.14541,0 -0.14541,-0.145405 0.29081,-0.04362 0.29081,-0.290809 0,-0.159945 -0.1454,-0.159945 0.1454,-0.174486 0.1454,-0.88697 z M 104.98631,67.9566 104.6955,67.796655 q 0,0.159945 -0.14541,0.159945 l -0.15994,-0.30535 h 0.59616 z m -0.43622,-0.450754 h -0.7561 v -0.145405 h 0.7561 z m 6.63046,-3.63512 h -0.59616 v -0.145405 h 0.59616 z m -0.15994,-0.30535 v -0.29081 h 0.59616 v 0.145405 z m 2.71907,3.213446 q 1.39588,0.203566 1.74486,0.479835 v -0.31989 h 1.27956 q 0.36351,0 0.63978,0.159945 0.27627,-0.159945 0.63978,-0.159945 0.52346,0 0.79973,0.159945 l 0.94513,-0.159945 h 0.31989 q 0.36351,0 0.47983,0.799726 -0.13086,0.6107 -1.59945,2.064748 l -0.78519,-0.159945 q -0.13086,0 -1.39588,0.159945 0,-0.159945 -0.15995,-0.159945 0,0.421674 -0.47983,1.119617 0.13086,0.639781 0.31989,0.639781 l -0.15995,0.31989 0.15995,0.319891 h -0.15995 l 0.15995,0.31989 v 0.159946 h -0.31989 q 0,0.159945 0.15994,0.159945 -0.31989,1.177779 -0.31989,1.584912 l 0.31989,1.119617 q 0.47984,0 1.71578,-0.319891 l 0.31989,0.159946 0.31989,-0.159946 q 0.30535,0.159946 0.4653,0.159946 v 0.31989 l -0.15995,0.799727 q 0.15995,0 0.15995,0.159945 -0.50892,0.959671 -2.2247,1.599452 0,-0.159945 -0.59616,-0.159945 -0.27627,0.639781 -0.63978,0.639781 v 0.625241 l -0.15994,0.799726 h 0.15994 l -0.31989,0.959672 h 0.31989 q -0.15994,0.479836 -0.31989,0.479836 l 0.15995,0.31989 q 0,0.30535 -0.31989,1.599453 0.31989,0.04362 0.31989,0.30535 v 0.159945 q -0.47984,0.741564 -0.47984,1.279562 l 0.31989,0.159945 h 0.31989 q 1.59945,0 1.87572,-0.479835 l 0.31989,0.159945 0.63979,-0.159945 q 0.62524,0.159945 1.10507,0.159945 v 0.159945 q 0,0.378053 -0.47983,1.119617 l -0.4653,-0.319891 q -0.85789,1.308644 -2.23923,1.919344 l -0.31989,-0.159946 q -0.95968,0.319891 -0.95968,0.479836 l -0.31989,-0.159945 q -0.84334,0.31989 -2.54458,0.62524 0,-0.159945 -0.63978,-0.62524 l 0.31989,-0.799726 -0.15995,-0.319891 q 0.15995,-0.30535 0.15995,-0.479836 0,-0.159945 -0.15995,-0.159945 l 0.15995,-0.799726 q 0,-0.363512 -0.15995,-0.639781 0.63979,-2.384639 0.63979,-2.704529 l -0.31989,-0.639781 q 0.31989,-1.51221 0.63978,-2.079289 -0.15995,-0.276269 -0.15995,-0.62524 h 0.15995 q 0,-0.159946 -0.15995,-0.159946 0.20357,-1.948424 0.31989,-2.239233 h -0.15994 l 0.15994,-0.319891 q -0.15994,-0.30535 -0.15994,-0.479836 h 0.15994 l -0.15994,-0.31989 q 0,-1.090536 0.47983,-2.384639 -0.15994,-0.31989 -0.15994,-0.479836 l 0.15994,-0.31989 q 0,-0.159945 -0.15994,-0.159945 l 0.15994,-0.799727 v -0.479835 l -0.15994,-0.319891 q 0.15994,0 0.15994,-0.159945 -0.31989,0 -0.31989,-0.319891 0,-0.159945 0.15995,-0.159945 l -0.31989,-0.625241 h 0.15994 q -0.26173,-0.523457 -0.47983,-1.439507 l 0.95967,-0.639781 q 0.31989,0 0.31989,-0.159945 z m -1.7594,21.679853 h 0.15995 v 0.639781 h -0.15995 z m 3.6642,0.319891 h 0.15995 q 0,0.174486 0.15994,0.479836 h -0.31989 z m 9.43677,-21.999744 0.7561,0.145404 1.52675,-0.145404 0.6107,0.145404 0.59616,-0.145404 1.8321,0.145404 0.75611,-0.145404 1.3668,2.282855 q -0.1454,0.91605 -0.30535,0.91605 l 0.15995,0.30535 q 0,0.145405 -0.15995,0.145405 l 0.15995,0.30535 q 0,0.145405 -0.15995,0.145405 l 0.15995,0.30535 q 0,0.159945 -0.15995,0.159945 l 0.15995,0.30535 -0.15995,0.30535 h 0.15995 q -0.15995,0.29081 -0.15995,0.450755 0,0.232648 0.30535,1.366805 -0.30535,0.494376 -0.30535,0.91605 v 0.145405 l 0.15995,0.30535 q -0.15995,0 -0.15995,0.159945 h 0.15995 q -0.21811,0.756105 -1.06146,0.756105 l 0.14541,0.30535 q -0.30535,0 -0.30535,0.450755 l -0.30535,-0.145405 h -0.14541 l 0.14541,0.756105 q 0,0.30535 -0.45076,0.30535 0.26173,0.334431 1.06146,3.489715 h -0.14541 l 0.30535,1.381345 h -0.15994 q 0.45075,1.105077 0.6107,2.268315 -0.15995,0.30535 -0.15995,0.465295 0.4653,2.399179 1.45405,6.06338 -0.46529,0 -0.46529,0.30535 l 0.30535,-0.145405 h 0.15994 q 0,0.450755 0.30535,1.20686 -0.15994,0 -0.15994,0.159945 h 0.30535 v 0.145405 q 0,0.30535 -0.30535,0.30535 -0.77065,-0.91605 -1.20686,-0.91605 l 0.1454,-0.30535 v -0.145405 l -0.30535,0.145405 h -0.30535 q -0.97421,-1.81756 -1.81756,-2.12291 0,-0.159945 0.14541,-0.159945 l -0.68341,-1.657615 q -0.11632,-0.59616 -0.30535,-0.59616 l 0.15995,-0.30535 q 0,-0.91605 -0.4653,-0.91605 0.15995,-0.537997 0.15995,-0.6107 l -0.6107,-0.756105 q 0,-0.159945 0.1454,-0.159945 l -0.1454,-0.30535 v -0.145405 l 0.1454,-0.30535 h -0.1454 l 0.1454,-0.30535 q 0,-0.145405 -0.1454,-0.145405 0.1454,-0.30535 0.1454,-0.465295 0,-0.261729 -0.29081,-0.90151 h 0.14541 q -0.24719,-0.91605 -0.45076,-0.91605 l 0.14541,-0.30535 q -0.14541,-0.261729 -0.14541,-0.6107 0.26173,-0.145405 0.59616,-0.145405 v -0.159945 q -0.59616,0 -0.59616,-0.30535 -0.97421,0 -1.3668,1.2214 l 0.1454,0.6107 q 0,0.116324 -0.6107,2.73361 0,0.567079 -0.30535,0.91605 0.30535,0.494377 0.30535,0.756105 -0.1454,0.29081 -0.1454,0.450755 0.1454,0 0.1454,0.159945 -0.2181,0 -0.45075,0.756105 -0.29081,-0.145405 -0.4653,-0.145405 -0.95967,1.061455 -1.81756,1.061455 0,-0.159945 -0.15994,-0.450754 h 0.15994 q -0.30535,-0.508917 -0.30535,-0.916051 v -0.30535 l 0.14541,-0.91605 q 0,-0.145405 -0.14541,-0.145405 l 0.14541,-1.075995 v -1.061455 q 0,-0.145405 0.15994,-0.145405 l -0.15994,-0.30535 q 0,-0.159945 0.15994,-0.159945 l -0.15994,-0.29081 v -0.6107 l 0.15994,-0.30535 h -0.15994 l 0.15994,-0.30535 v -0.159945 l -0.15994,-0.30535 h 0.30535 l -0.14541,-0.29081 h 0.30535 q 0,-0.30535 -0.46529,-0.30535 v -0.159945 q 0,-0.145405 0.6107,-0.450755 0,-0.465295 -0.45076,-0.465295 l 0.14541,-0.756105 h -0.14541 q 0.14541,-0.450755 0.30535,-0.450755 0,-0.159945 -0.15994,-0.159945 0,-0.189026 0.46529,-2.12291 h -0.15994 q 0.30535,-2.12291 0.46529,-2.12291 l -0.15994,-0.30535 q 0.15994,-0.30535 0.15994,-0.465295 h -0.15994 q 0.21811,-0.857889 0.46529,-1.20686 h -0.30535 l 0.14541,-0.30535 q 0,-0.159945 -0.14541,-0.159945 l 0.14541,-0.30535 q 0,-0.145405 -0.14541,-0.145405 l 0.14541,-0.30535 q 0,-0.145405 -0.14541,-0.145405 l 0.30535,-0.6107 q -0.30535,0 -0.30535,-0.30535 0,-0.159945 0.14541,-0.159945 -0.14541,-0.29081 -0.14541,-0.450755 0,-0.159946 0.14541,-0.450755 l -0.14541,-0.91605 v -0.30535 q 0.75611,0 0.75611,-0.30535 z m 2.5882,2.42826 q -0.20356,0.203566 -0.46529,1.52675 l 0.15994,0.30535 -0.15994,0.30535 q 0.15994,0.261729 0.15994,0.6107 -0.30535,0.494376 -0.30535,0.756105 0.14541,0 0.14541,0.145405 h -0.14541 q 0,0.159945 0.14541,0.159945 -0.17449,1.352264 -0.30535,1.672155 l 0.30535,1.061455 -0.30535,1.061455 h 0.15994 q 1.97751,-1.701236 1.97751,-2.282855 h -0.15995 l 0.30535,-1.20686 q -0.1454,0 -0.1454,-0.159945 h 0.1454 l -0.1454,-0.30535 q 0,-0.145405 0.1454,-0.145405 l -0.1454,-0.30535 v -0.6107 q 0.0291,-0.756105 0.30535,-0.756105 l -0.15995,-0.30535 v -0.6107 l 0.15995,-0.756105 q -0.538,-0.159945 -0.6107,-0.159945 l -0.91605,0.159945 q 0,-0.159945 -0.14541,-0.159945 z m 5.62717,6.237865 h 0.45075 q 0,0.30535 -0.30535,0.30535 z m -9.13142,3.95501 v 0.145405 q 0.15994,0 0.46529,0.159945 v -0.30535 z m 6.16516,11.23979 q 0.29081,0.145405 0.45076,0.145405 v 0.159945 h -0.45076 z m 6.4996,-24.195356 h 0.15994 q 0,0.479835 0.47984,0.479835 -0.26173,2.864475 -0.42168,4.129496 0,0.159946 0.15995,0.159946 -0.50892,3.489714 -0.62524,3.809605 0.1454,0.479836 0.30535,0.479836 l -0.15995,0.31989 v 0.159946 l 0.15995,0.31989 h -0.15995 q 0,0.159945 0.15995,0.159945 -0.11633,1.584913 -0.30535,1.584913 0,0.159945 0.1454,0.159945 -0.56708,3.082581 -0.78518,3.184365 l 0.15994,0.30535 v 0.159945 q 0,0.159945 -0.15994,0.159945 l 0.15994,0.319891 v 0.31989 q 0,0.363512 -0.15994,0.639781 l 0.15994,0.319891 q -0.15994,0.872429 -0.15994,1.265022 h 0.15994 l -0.15994,0.31989 0.15994,0.319891 q -0.31989,0.04362 -0.31989,0.31989 v 1.265022 l -0.79972,0.159945 v 0.159945 h 0.63978 v 0.799727 q 0,0.31989 -0.31989,0.31989 0,-0.159945 -0.15995,-0.159945 0,0.159945 -0.15994,0.159945 0,-0.363512 -1.90481,-2.384638 0,-0.159946 -0.63978,-0.959672 l 0.79973,-5.728949 -0.15995,-0.30535 0.15995,-0.31989 q 0,-0.159945 -0.15995,-0.159945 l 0.15995,-0.799727 q 0,-0.174485 -0.15995,-0.479835 0.15995,-0.305351 0.15995,-0.465296 h -0.15995 l 0.15995,-0.31989 -0.15995,-0.319891 q 0.47984,-1.352264 0.47984,-1.744857 -0.15995,0 -0.15995,-0.159946 h 0.15995 l -0.15995,-0.31989 q 0.15995,-1.904803 0.31989,-2.064748 l -0.15994,-0.319891 q 0.31989,-0.814266 0.31989,-1.119616 l -0.11632,-3.475175 q 0.0436,-0.31989 0.31989,-0.31989 h 1.42496 q 0.15995,0 0.15995,0.159945 0.52346,-0.319891 0.6834,-0.334431 0,0.159945 0.15995,0.159945 0.0582,-0.31989 0.31989,-0.31989 z m -2.00659,15.252962 v 0.159945 q 0.78519,-0.407133 0.79973,-0.625241 h -0.15995 q -0.63978,0.232648 -0.63978,0.465296 z m -1.10508,0.31989 v 0.319891 h 0.47984 v -0.159946 q -0.17449,0 -0.47984,-0.159945 z m 1.58492,7.633751 h 0.15994 q 0,0.174486 0.15995,0.479836 h -0.31989 z m 5.42359,-22.872172 q 1.87573,0.159945 1.87573,0.30535 0.77064,-0.145405 0.77064,-0.30535 3.02442,1.23594 3.25707,1.555831 l -0.15995,0.770645 v 2.835394 q -0.43621,0 -3.40247,2.399179 v -0.145405 q 0.30535,-3.547877 0.30535,-3.838687 h -0.15994 q -0.26173,0.145405 -0.6107,0.145405 l -0.15995,-0.30535 q -1.23594,0.407134 -1.23594,0.770645 l 0.15995,0.319891 q -0.15995,0.261729 -0.15995,0.6107 h 0.15995 q -0.15995,0.785186 -0.30535,0.785186 l 0.1454,0.30535 q -0.27627,0.567079 -0.4653,1.555831 0.15995,0.29081 0.15995,0.465296 h -0.15995 q 0,0.145404 0.15995,0.145404 l -0.15995,1.090536 0.15995,0.770646 h -0.15995 l 0.15995,0.31989 q 0,1.250481 -0.31989,4.187658 v 0.30535 q 0,0.159945 0.15994,0.159945 l -0.15994,0.30535 q 0,0.159946 0.15994,0.159946 -0.27626,0.567078 -0.47983,2.486421 l 0.62524,0.159946 0.93059,-0.159946 q 0,0.159946 0.15995,0.159946 l 0.30535,-0.465296 v -1.090536 q 0,-0.348971 0.15994,-0.62524 -0.15994,-0.276269 -0.15994,-0.625241 0.31989,-0.494376 0.31989,-0.770645 -0.15995,0 -0.15995,-0.159945 h 0.15995 q 0.6834,0 2.79177,2.181071 l -0.15995,0.305351 q 0,0.159945 0.15995,0.159945 -0.31989,1.715776 -1.09054,2.951717 -1.17778,0 -1.86118,0.6107 -0.34897,0 -0.62524,-0.145405 l -2.02113,0.30535 q 0,-0.30535 -0.30535,-0.30535 l -1.09053,0.145405 q 0,-0.203567 -1.23594,-2.006586 v -0.625241 q 0,-0.348971 0.15994,-0.62524 -0.15994,-0.30535 -0.15994,-0.465295 0.15994,0 0.15994,-0.159946 h -0.15994 l 0.15994,-0.30535 q 0,-0.159945 -0.15994,-0.159945 l 0.15994,-0.30535 q 0,-0.159945 -0.15994,-0.159945 l 0.15994,-0.30535 v -0.930591 l -0.15994,-0.30535 h 0.15994 l -0.15994,-0.319891 v -0.145404 h 0.30535 q -0.30535,-0.988753 -0.30535,-1.090536 0.30535,-0.567079 0.45075,-1.235941 l -0.1454,-1.410426 q 0,-0.436215 0.30535,-5.583544 l 0.15994,-0.30535 q -0.26173,0 -0.46529,-0.30535 0.77064,-2.806313 2.16653,-2.806313 z m 8.52073,13.348159 v 0.159945 q 0.21811,0 0.46529,-0.479836 h -0.15994 q -0.30535,0.05816 -0.30535,0.319891 z m 0.24719,-6.848565 q 0.52345,-0.916051 1.41042,-2.224694 h 0.14541 q 0,-0.712483 1.74486,-3.911388 0,-0.30535 0.94513,-0.30535 0.15994,0 0.46529,0.159945 l 0.93059,-0.159945 q 0.4653,0.159945 0.4653,0.30535 l 0.31989,-0.145405 h 0.46529 v 0.145405 q -0.40713,0 -0.78518,1.105076 h 0.15994 q -0.85788,2.297396 -1.55583,2.966258 -0.0582,1.046914 -1.57037,3.911388 0.14541,0 0.14541,0.145405 -0.14541,0 -0.14541,0.159945 0.14541,0 0.14541,0.159946 h -0.14541 q 0.30535,0.508916 0.30535,0.785186 -0.15994,0 -0.15994,0.145404 0.15994,0 0.15994,0.159946 h -0.15994 l 0.15994,0.31989 -0.15994,0.30535 q 0.98875,1.570372 1.25048,1.570372 l -0.14541,0.30535 h 0.14541 l -0.14541,0.31989 v 0.30535 q 0.6107,0 0.93059,2.035667 h -0.15994 l 0.15994,0.305351 q 0,0.159945 -0.15994,0.159945 3.95501,9.160501 4.44938,9.625797 v 0.465295 h -0.15994 l 0.15994,0.30535 v 0.319891 l -0.30535,-0.159946 q -4.3476,-4.929222 -4.44938,-4.929222 -0.37806,0 -0.4653,-0.465295 l 0.14541,-0.159946 q -1.1487,0 -1.54129,-2.660907 -0.24719,0 -0.78519,-1.410427 0.15995,0 0.15995,-0.145404 -0.538,-0.05816 -1.10508,-2.195613 0.15994,0 0.15994,-0.159945 h -0.30535 v -0.145405 h 0.30535 q 0,-0.31989 -0.62524,-0.31989 v -0.159945 l 0.31989,-0.465296 V 79.50174 h -0.15994 q -0.93059,-1.817559 -1.35227,-2.908095 l -0.20356,2.166531 q -0.23265,0.421674 -0.55254,1.265022 0.21811,0 0.46529,0.465295 h -0.15994 l 0.15994,0.31989 q 0,1.250482 -0.62524,1.250482 v 0.31989 l 0.4653,-0.31989 v 0.159945 l -0.62524,2.355557 q 0.15994,0.305351 0.15994,0.465296 h -0.15994 q 0.15994,0.30535 0.15994,0.465295 l -0.15994,0.319891 0.15994,0.30535 q -0.42167,2.355557 -0.78518,2.355557 -1.41043,-1.046914 -1.41043,-1.715776 -0.47983,0 -0.47983,0.465295 h -0.30535 q 0,-0.159945 0.15994,-0.465295 0,-0.218107 -0.31989,-1.730317 0.4653,-1.265022 0.4653,-3.446094 -0.14541,-0.30535 -0.14541,-0.479835 l 0.30535,-0.145405 q 0,-0.159946 -0.15994,-0.159946 0.15994,-1.570371 0.31989,-1.570371 l -0.15995,-0.319891 0.15995,-0.62524 -0.15995,-0.30535 q 0.15995,-0.276269 0.15995,-0.639781 h -0.15995 q 0.13087,-0.625241 0.31989,-0.625241 l -0.15994,-0.30535 q 0,-0.479836 0.31989,-1.265022 l -0.15995,-0.30535 q 0.30535,-0.799726 0.30535,-1.250481 h -0.1454 q 0.1454,0 0.30535,-2.515503 -0.15995,0 -0.15995,-0.159945 0.31989,0 0.31989,-0.30535 l -0.15994,-0.319891 q 0.15994,-0.30535 0.15994,-0.465295 -0.15994,0 -0.15994,-0.159945 h 0.15994 q -0.46529,-1.20686 -1.25048,-2.035667 v -0.159945 q 0.36351,0 1.55583,-0.625241 h 0.31989 q 2.66091,0.101783 2.66091,0.785186 v 0.30535 q 0,0.348971 -0.1454,0.625241 l 0.1454,0.31989 -0.1454,0.319891 q 0,0.145404 0.1454,0.145404 -0.20357,2.093829 -0.46529,2.980798 0,0.159946 0.15994,0.159946 -0.0436,0.494376 -0.10178,0.785186 z m -0.87243,13.595347 q 0.21811,0 0.46529,0.465295 h -0.15994 q -0.30535,0 -0.30535,-0.31989 z m -3.94047,0.363512 q 0.30535,0.04362 0.30535,0.319891 v 0.145404 q -0.30535,0 -0.30535,-0.30535 z m 18.1756,-20.618399 q 0.17448,0 0.49437,0.159946 l 0.95967,-0.159946 q 0.49438,0.159946 0.50892,0.319891 l 0.31989,-0.159945 h 0.47984 l 0.0145,0.159945 q -0.42168,0 -0.72703,1.134157 h 0.15995 q -0.69794,2.370098 -1.36681,3.068041 0.0582,0.828808 -1.58491,4.522089 0.0436,0.581619 -1.89026,4.682034 l -1.16324,3.882308 q 0.0872,0 0.50892,0.31989 h 0.33443 q 1.16324,0 1.41043,-0.479835 l 0.33443,0.159945 0.63978,-0.159945 q 0.65432,0.159945 1.13415,0.159945 l 0.0145,0.159945 q 0.0291,0.363512 -0.39259,1.134158 -0.43621,-0.334431 -0.50891,-0.334431 -0.77065,1.337724 -2.10837,1.948424 l -0.33444,-0.159946 q -0.94513,0.319891 -0.93059,0.479836 l -0.33443,-0.159945 q -2.39918,0.537998 -2.68999,0.799726 l 0.0291,0.319891 h -0.15995 l -0.0582,-0.639781 q 0.15994,0 0.15994,-0.159946 h -0.17448 q 0,0.174486 -1.51221,1.294103 -0.0145,-0.159945 -0.17449,-0.159945 0.0145,0.159945 -0.1454,0.159945 l -0.0145,-0.159945 0.1454,-0.334431 q -0.17448,0 -0.17448,-0.159945 0.37805,-0.479836 0.93059,-0.479836 -0.0291,-0.319891 -0.50892,-0.319891 l -0.0145,-0.159945 0.538,-1.294103 h -0.15995 q 1.99205,-4.056793 2.87902,-8.564342 1.33772,-1.919343 2.4428,-5.976136 0.59616,-0.712484 0.53799,-1.454048 -0.15994,0 -0.17448,-0.159945 0.15994,0 0.1454,-0.159946 l -0.33443,-0.159945 -0.78518,0.319891 q -0.65432,-0.159946 -1.13416,-0.159946 l -0.31989,0.159946 q -1.87572,-1.352265 -1.94842,-2.253775 0.18902,-0.654321 0.43621,-0.654321 h 0.31989 q 0.538,0 0.81427,0.159945 l 0.95967,-0.159945 q 0.47983,0 0.49437,0.159945 l 0.79973,-0.159945 h 1.2941 l 0.0291,0.31989 q 0.81427,-0.639781 1.55584,-0.639781 z m -5.61263,14.86037 0.0145,0.31989 q 0.33443,0 0.34897,0.319891 0.31989,0 0.30535,-0.319891 z m 0.87243,0.974212 0.0145,0.159945 h 0.65432 l -0.0291,-0.334431 q -0.27627,0.174486 -0.63978,0.174486 z m 1.57037,5.641705 h 0.17449 q 0.0145,0.174486 0.18902,0.494377 h -0.31989 z m -5.72895,0.974212 h 0.15995 l 0.0291,0.319891 h -0.49438 q 0.0291,-0.319891 0.30535,-0.319891 z m -0.39259,1.134158 v 0.159945 q 0.0291,0.31989 -0.29081,0.31989 l -0.0145,-0.159945 q 0.0291,-0.31989 0.30535,-0.31989 z" /></g></svg>
