<?xml version="1.0" encoding="UTF-8" standalone="no"?>
<!DOCTYPE svg PUBLIC "-//W3C//DTD SVG 1.1//EN" "http://www.w3.org/Graphics/SVG/1.1/DTD/svg11.dtd">
<svg width="100%" height="100%" viewBox="0 0 1280 111" version="1.1" xmlns="http://www.w3.org/2000/svg" xmlns:xlink="http://www.w3.org/1999/xlink" xml:space="preserve" xmlns:serif="http://www.serif.com/" style="fill-rule:evenodd;clip-rule:evenodd;stroke-linejoin:round;stroke-miterlimit:2;">
    <g id="Housewife" transform="matrix(0.487374,0,0,0.486334,-8.31537,-7.31737)">
        <path d="M1604.12,103.025C1610.81,103.106 1656.84,102.896 1674.9,103.015C1675.02,118.772 1674.9,137.825 1674.93,152.853C1667.67,152.981 1628.66,152.877 1605.97,153.09C1605.95,160.267 1605.94,164.675 1606.05,173.847C1632.38,174.347 1656.86,174.245 1683.2,174.078C1683.2,193.411 1683.01,211.708 1683.01,231.041C1634.57,230.528 1586.34,230.507 1537.99,230.806C1537.99,162.806 1538.06,94.984 1538.06,26.984C1584.73,26.984 1631.38,27.014 1678.05,27.014C1677.87,45.661 1677.95,64.235 1677.95,82.955C1652.98,83.917 1629.01,83.274 1603.98,82.978C1603.98,88.645 1604.12,97.358 1604.12,103.025Z" style="fill:rgb(254,3,1);fill-opacity:0.98;"/>
        <path d="M1386.31,27.004C1395.48,27.068 1479.86,26.974 1523.91,26.952C1523.95,46.274 1523.99,65.186 1524.02,83.943C1501.26,84.255 1477.11,84.013 1454.2,84.034C1453.7,84.534 1453.98,98.794 1453.98,106.053C1474.08,105.958 1494.25,106.05 1513.92,105.983C1513.94,106.1 1514.08,151.023 1514.06,162.984C1493.82,163.157 1474.39,162.782 1454.1,162.971C1453.92,185.544 1453.82,209.158 1453.81,231.056C1431.85,230.6 1408.17,230.796 1386.13,230.919C1386.13,168.919 1386.31,89.004 1386.31,27.004Z" style="fill:rgb(254,2,1);fill-opacity:0.98;"/>
        <path d="M1294.92,27.015C1300.71,26.94 1345.04,27.017 1363.04,27.017C1362.71,95.025 1362.68,162.929 1363.01,230.921C1339.68,230.921 1316.44,230.908 1293.11,230.908C1293.11,175.908 1293.5,120.5 1293.5,65.5C1294.5,53.011 1295.25,39.859 1294.92,27.015Z" style="fill:rgb(254,2,0);fill-opacity:0.98;"/>
        <path d="M986.885,230.995C982.489,230.916 884.485,230.95 841.152,230.95C841.701,162.985 842.027,94.944 842.111,27.042C912.184,26.849 982.573,26.806 1052.5,27C1060.54,61.226 1067.38,96.06 1073,131.5C1073.6,134.637 1074.6,137.637 1076,140.5C1083.71,102.955 1091.13,64.911 1098.09,27.124C1122.67,27.134 1146.89,27.061 1171.31,27.05C1180.12,64.965 1188.81,103.415 1197,141.5C1204.43,103.592 1211.61,65.186 1218.17,27.094C1241.8,26.916 1265.75,27.042 1289.29,26.996C1271.39,95.213 1252.57,163.163 1232.81,230.946C1209.4,231.028 1186.25,230.989 1162.66,230.907C1153.79,192.757 1144.13,154.35 1134,116.5C1124.54,154.127 1114.7,193.196 1105.5,230.903C1081.99,230.984 1058.36,230.939 1034.71,230.945C1017.32,165.597 999.607,99.819 982,34.5C981.5,35 981.537,33.866 981.037,34.366C981.389,50.41 983.202,83.203 982.643,83.928C957.643,84.261 932.141,83.728 907.141,84.061C907.043,89.664 907.202,97.346 907.144,101.004C930.688,101.049 954.64,101.012 978.029,101.037C978.061,119.462 978.056,137.845 977.854,155.032C954.869,154.907 930.517,154.894 907.163,155.101C907.098,161.557 907.193,167.674 907.161,173.98C933.669,173.934 960.391,173.819 986.963,173.99C987.034,191.277 987.096,213.92 986.885,230.995Z" style="fill:rgb(254,2,1);fill-opacity:0.98;"/>
        <path d="M759.5,20.5C788.187,22.109 813.354,32.109 835,50.5C835.52,52.289 835.187,53.956 834,55.5C820.529,67.971 807.362,80.804 794.5,94C792.833,94.667 791.167,94.667 789.5,94C780.733,84.367 769.9,78.867 757,77.5C736.128,81.605 734.961,88.105 753.5,97C768.462,101.543 783.128,106.876 797.5,113C828.611,131.665 837.445,158.165 824,192.5C810.283,218.803 788.449,233.303 758.5,236C722.701,238.951 690.201,230.117 661,209.5C659,207.167 659,204.833 661,202.5C673.384,188.905 685.884,175.405 698.5,162C700.635,161.365 702.635,161.699 704.5,163C714.256,171.045 725.256,176.712 737.5,180C744.215,181.248 750.548,180.248 756.5,177C760.35,172.96 760.35,168.96 756.5,165C753.167,163.333 716.42,148.196 701.5,142C688.795,135.629 679.962,125.796 675,112.5C666.129,78.753 675.963,52.253 704.5,33C722.008,24.668 740.341,20.501 759.5,20.5Z" style="fill:rgb(254,2,1);fill-opacity:0.98;"/>
        <path d="M657.862,27.13C657.862,27.13 659.156,111.784 659.5,154.5C658.243,189.212 641.91,213.712 610.5,228C579.274,238.927 547.94,239.261 516.5,229C488.208,217.285 472.375,196.119 469,165.5C467.867,120.504 467.975,28.637 468.054,26.997C490.269,26.969 513.914,26.999 535.998,27.028C535.505,68.005 535.841,109.477 537,150.5C539.55,166.381 548.883,174.381 565,174.5C579.403,172.428 587.403,164.095 589,149.5C589.348,139.325 589.85,57.58 590.073,27.086C612.072,26.994 657.862,27.13 657.862,27.13Z" style="fill:rgb(254,1,0);fill-opacity:0.98;"/>
        <path d="M337.5,20.5C367.339,19.144 393.569,26.426 416.189,42.346C423.503,47.494 437.708,61.524 438.056,62.038C454.852,86.872 461.167,114.359 457,144.5C450.203,187.958 426.037,216.791 384.5,231C351.46,239.967 319.127,237.967 287.5,225C255.347,208.244 236.847,181.744 232,145.5C227.462,113.82 234.462,85.153 253,59.5C269.315,40.587 289.815,28.754 314.5,24C322.276,22.581 329.943,21.414 337.5,20.5ZM326.843,89.205C330.245,84.589 352.172,82.958 358.036,87.794C373.45,94.429 381.938,107.664 383.5,127.5C382.779,153.88 369.446,168.88 343.5,172.5C325.05,170.553 312.55,160.886 306,143.5C300.166,117.729 307.114,99.631 326.843,89.205Z" style="fill:rgb(254,1,1);fill-opacity:0.99;"/>
        <path d="M92.966,27.058C93.049,43.256 92.99,88.062 93.008,95.969C111.848,96.219 131.475,96.138 150.309,95.98C149.985,72.758 150.363,49.87 150.032,27.031C151.631,27.299 213.993,27.324 215.908,27.04C215.578,44.548 215.97,180.376 215.97,231.043C193.363,230.964 171.677,230.878 148.054,230.981C148.054,205.314 148.219,179.784 148.219,154.117C129.789,153.989 111.544,153.853 93.181,154.097C93.15,179.311 93.087,205.382 93.118,230.834C70.203,231.002 48.162,230.976 25.055,230.949C25.202,162.977 25.503,95.025 25.023,26.997C47.409,27.007 70.372,27.03 92.966,27.058Z" style="fill:rgb(254,3,1);fill-opacity:0.99;"/>
    </g>
    <g id="_1on1" serif:id="1on1" transform="matrix(0.482691,0,0,0.481662,835.102,-123.595)">
        <path id="_1" serif:id="1" d="M157.5,269.5C157.5,273.5 156.168,410.331 156.5,474.5C153.941,474.198 107.833,474.5 88.5,474.5C87.791,473.596 88.5,386.094 87.5,343.5C77.655,350.503 67.655,357.337 57.5,364C55.635,365.301 53.635,365.635 51.5,365C41.667,349.833 31.833,334.667 22,319.5C21.333,318.167 21.333,316.833 22,315.5C44.243,300.294 67.258,284.114 90.015,269.653C112.739,269.653 134.781,269.042 157.5,269.5Z" style="fill-opacity:0.99;"/>
        <path id="N" d="M500.996,270.03C524.665,269.863 547.911,270.044 571.5,270C590.621,304.411 610.121,338.577 630,372.5C628.422,338.232 627.747,304.396 626.992,269.997C648.933,269.97 670.085,270.033 692.039,270.022C692.345,337.951 692.337,405.888 692.031,473.959C669.029,474.126 643.667,474.459 620.669,473.959C619.231,473.74 583.798,409.465 565,378.5C565.412,410.531 566.151,442.011 568.072,473.98C545.405,473.98 523.675,473.982 501.008,473.982C501.023,405.185 501.062,340.647 500.996,270.03Z" style="fill:rgb(1,1,1);fill-opacity:0.99;"/>
        <path id="O" d="M362.5,263.5C399.163,260.484 431.163,270.984 458.5,295C483.408,322.438 492.575,354.604 486,391.5C476.784,438.05 448.951,466.55 402.5,477C361.245,485.433 324.245,476.766 291.5,451C269.872,428.63 259.538,401.796 260.5,370.5C259.931,326.78 278.931,294.946 317.5,275C331.968,268.556 346.968,264.723 362.5,263.5ZM372.5,326.5C394.957,327.064 411.999,343.999 413.5,370C413.303,392.166 398.99,411.352 382.5,415C360.535,417.931 345.368,409.098 337,388.5C330.508,370.772 333.175,354.439 345,339.5C352.727,331.987 360.987,326.482 372.5,326.5Z" style="fill:rgb(1,1,1);fill-opacity:0.98;"/>
        <g id="_11" serif:id="1" transform="matrix(1,0,0,1,749,0)">
            <path d="M157.5,269.5C157.5,273.5 156.168,410.331 156.5,474.5C153.941,474.198 107.833,474.5 88.5,474.5C87.791,473.596 88.5,386.094 87.5,343.5C77.655,350.503 67.655,357.337 57.5,364C55.635,365.301 53.635,365.635 51.5,365C41.667,349.833 31.833,334.667 22,319.5C21.333,318.167 21.333,316.833 22,315.5C44.243,300.294 67.258,284.114 90.015,269.653C112.739,269.653 134.781,269.042 157.5,269.5Z" style="fill-opacity:0.99;"/>
        </g>
    </g>
</svg>
