<?xml version="1.0" encoding="UTF-8" standalone="no"?>
<!-- Created with Inkscape (http://www.inkscape.org/) -->

<svg
   width="85.200806mm"
   height="7.7413621mm"
   viewBox="0 0 85.200806 7.7413621"
   version="1.1"
   id="svg1"
   inkscape:version="1.3 (0e150ed6c4, 2023-07-21)"
   sodipodi:docname="MackKensington.svg"
   xmlns:inkscape="http://www.inkscape.org/namespaces/inkscape"
   xmlns:sodipodi="http://sodipodi.sourceforge.net/DTD/sodipodi-0.dtd"
   xmlns="http://www.w3.org/2000/svg"
   xmlns:svg="http://www.w3.org/2000/svg">
  <sodipodi:namedview
     id="namedview1"
     pagecolor="#a40f0f"
     bordercolor="#000000"
     borderopacity="0.25"
     inkscape:showpageshadow="2"
     inkscape:pageopacity="0.0"
     inkscape:pagecheckerboard="0"
     inkscape:deskcolor="#d1d1d1"
     inkscape:document-units="mm"
     inkscape:zoom="1.3140972"
     inkscape:cx="64.3027"
     inkscape:cy="365.65027"
     inkscape:window-width="1920"
     inkscape:window-height="2075"
     inkscape:window-x="0"
     inkscape:window-y="48"
     inkscape:window-maximized="1"
     inkscape:current-layer="layer1" />
  <defs
     id="defs1" />
  <g
     inkscape:label="Layer 1"
     inkscape:groupmode="layer"
     id="layer1"
     transform="translate(-86.518707,-70.818205)">
    <path
       style="font-size:9.17223px;font-family:'Squada One';-inkscape-font-specification:'Squada One';opacity:0.99;fill:#ffffff;stroke-width:0.514"
       d="m 87.802819,77.00946 h -1.284112 v -4.81542 q 0,-1.210735 1.137356,-1.210735 h 0.678745 q 0.669573,0 0.953912,0.440268 0.265995,-0.440268 0.953912,-0.440268 h 0.678745 q 1.137356,0 1.137356,1.210735 v 4.81542 h -1.284112 v -4.925487 q 0,-0.07338 -0.05503,-0.128411 -0.04586,-0.05503 -0.119239,-0.05503 h -0.495301 q -0.07338,0 -0.128411,0.05503 -0.04586,0.05503 -0.04586,0.128411 v 4.925487 h -1.284112 v -4.925487 q 0,-0.07338 -0.05503,-0.128411 -0.04586,-0.05503 -0.119239,-0.05503 h -0.4953 q -0.07338,0 -0.128411,0.05503 -0.04586,0.05503 -0.04586,0.128411 z m 7.365295,-4.476048 h 1.036462 v 4.476048 h -1.036462 v -0.3302 q -0.284339,0.421923 -0.94474,0.421923 h -0.192617 q -1.137356,0 -1.137356,-1.210735 v -2.238024 q 0,-1.210734 1.137356,-1.210734 h 0.192617 q 0.660401,0 0.94474,0.421923 z m -0.192617,3.503792 v -2.531535 q 0,-0.07338 -0.05503,-0.128412 -0.04586,-0.05503 -0.119239,-0.05503 h -0.504473 q -0.07338,0 -0.128411,0.05503 -0.04586,0.05503 -0.04586,0.128412 v 2.531535 q 0,0.07338 0.04586,0.128411 0.05503,0.05503 0.128411,0.05503 h 0.504473 q 0.07338,0 0.119239,-0.05503 0.05503,-0.05503 0.05503,-0.128411 z m 5.374923,-1.742724 h -1.229078 v -0.788811 q 0,-0.07338 -0.05503,-0.128412 -0.04586,-0.05503 -0.119239,-0.05503 h -0.504472 q -0.07338,0 -0.128411,0.05503 -0.04586,0.05503 -0.04586,0.128412 v 2.531535 q 0,0.07338 0.04586,0.128411 0.05503,0.05503 0.128411,0.05503 h 0.504472 q 0.07338,0 0.119239,-0.05503 0.05503,-0.05503 0.05503,-0.128411 v -0.788812 h 1.229078 v 0.642056 q 0,1.210735 -1.137356,1.210735 h -1.036462 q -1.137356,0 -1.137356,-1.210735 v -2.238024 q 0,-1.210734 1.137356,-1.210734 h 1.036462 q 1.137356,0 1.137356,1.210734 z m 4.30177,-1.761068 -0.91722,2.100441 1.06397,2.375607 h -1.22907 l -0.84385,-1.861962 h -0.36689 v 1.861962 h -1.22908 v -5.934432 h 1.22908 v 3.063525 h 0.41275 l 0.66957,-1.605141 z m 6.25545,-1.458384 -1.00894,2.724152 1.20156,3.21028 h -1.31163 l -0.88054,-2.34809 h -0.41275 v 2.34809 h -1.28411 v -5.934432 h 1.28411 v 2.485674 h 0.31186 l 0.9264,-2.485674 z m 2.76084,1.366662 q 1.13736,0 1.13736,1.210734 v 1.449213 h -2.0821 v 0.935567 q 0,0.07338 0.0459,0.128411 0.055,0.05503 0.12841,0.05503 h 0.50448 q 0.0734,0 0.11924,-0.05503 0.055,-0.05503 0.055,-0.128411 v -0.4953 h 1.22908 v 0.348544 q 0,1.210735 -1.13736,1.210735 h -1.03646 q -1.13736,0 -1.13736,-1.210735 v -2.238024 q 0,-1.210734 1.13736,-1.210734 z m -0.94474,1.85279 h 0.85302 v -0.8255 q 0,-0.07338 -0.055,-0.128411 -0.0459,-0.05503 -0.11924,-0.05503 h -0.50448 q -0.0734,0 -0.12841,0.05503 -0.0459,0.05503 -0.0459,0.128411 z m 3.98992,2.71498 h -1.22908 v -4.476048 h 1.11901 v 0.229306 q 0.28434,-0.321028 0.86219,-0.321028 h 0.19262 q 1.13735,0 1.13735,1.210734 v 3.357036 h -1.22907 v -3.503791 q 0,-0.07338 -0.055,-0.128412 -0.0459,-0.05503 -0.11924,-0.05503 h -0.50447 q -0.0734,0 -0.12841,0.05503 -0.0459,0.05503 -0.0459,0.128412 z m 5.02638,-2.806702 q 1.13735,0 1.13735,1.210734 v 0.476956 q 0,1.210735 -1.13735,1.210735 h -1.01812 q -1.13736,0 -1.13736,-1.210735 v -0.284339 h 1.13736 v 0.403578 q 0,0.07338 0.0459,0.128412 0.055,0.05503 0.12841,0.05503 h 0.75213 q 0.0734,0 0.11923,-0.05503 0.055,-0.05503 0.055,-0.128412 v -0.550333 q 0,-0.07338 -0.055,-0.128412 -0.0459,-0.05503 -0.11923,-0.05503 h -0.94474 q -1.13736,0 -1.13736,-1.210734 v -0.412751 q 0,-1.210734 1.13736,-1.210734 h 0.96308 q 1.13736,0 1.13736,1.210734 v 0.1651 h -1.13736 v -0.284339 q 0,-0.07338 -0.055,-0.128411 -0.0459,-0.05503 -0.11924,-0.05503 h -0.69709 q -0.0734,0 -0.12841,0.05503 -0.0459,0.05503 -0.0459,0.128411 v 0.486129 q 0,0.07338 0.0459,0.128411 0.055,0.05503 0.12841,0.05503 z m 3.10939,-2.228852 q -0.19262,0.192617 -0.46779,0.192617 -0.27516,0 -0.47695,-0.192617 -0.20179,-0.201789 -0.20179,-0.476956 0,-0.284339 0.20179,-0.476956 0.20179,-0.201789 0.47695,-0.201789 0.27517,0 0.46779,0.201789 0.20179,0.192617 0.20179,0.476956 0,0.284339 -0.20179,0.476956 z m -1.08232,5.035554 v -4.476048 h 1.22907 v 4.476048 z m 3.32034,0 h -1.22907 v -4.476048 h 1.11901 v 0.229306 q 0.28434,-0.321028 0.86219,-0.321028 h 0.19261 q 1.13736,0 1.13736,1.210734 v 3.357036 h -1.22908 v -3.503791 q 0,-0.07338 -0.055,-0.128412 -0.0459,-0.05503 -0.11924,-0.05503 h -0.50447 q -0.0734,0 -0.12841,0.05503 -0.0459,0.05503 -0.0459,0.128412 z m 6.22795,-4.476048 v 4.815421 q 0,1.210734 -1.13736,1.210734 h -0.91722 q -1.13736,0 -1.13736,-1.210734 v -0.146756 h 1.10984 v 0.293512 q 0,0.07338 0.0459,0.128411 0.055,0.05503 0.12841,0.05503 h 0.50448 q 0.0734,0 0.11924,-0.05503 0.055,-0.05503 0.055,-0.128411 v -0.917223 q -0.28434,0.220133 -0.75212,0.220133 h -0.19262 q -1.13736,0 -1.13736,-1.210734 v -1.935341 q 0,-1.210734 1.13736,-1.210734 h 0.19262 q 0.6604,0 0.94474,0.421923 v -0.330201 z m -1.22908,3.201109 v -2.228852 q 0,-0.07338 -0.055,-0.128412 -0.0459,-0.05503 -0.11924,-0.05503 h -0.50448 q -0.0734,0 -0.12841,0.05503 -0.0459,0.05503 -0.0459,0.128412 v 2.228852 q 0,0.07338 0.0459,0.128411 0.055,0.05503 0.12841,0.05503 h 0.50448 q 0.0734,0 0.11924,-0.05503 0.055,-0.05503 0.055,-0.128411 z m 3.6964,0.568678 h 0.36689 v 0.797984 h -0.86219 q -1.13735,0 -1.13735,-1.210735 v -4.329292 h 1.22908 v 0.972256 h 0.77046 v 0.889707 h -0.77046 v 2.439813 q 0,0.256822 0.10089,0.348544 0.10089,0.09172 0.30268,0.09172 z m 4.32012,-2.650775 v 2.238024 q 0,1.210735 -1.13735,1.210735 h -1.03647 q -1.13735,0 -1.13735,-1.210735 v -2.238024 q 0,-1.210734 1.13735,-1.210734 h 1.03647 q 1.13735,0 1.13735,1.210734 z m -1.22908,2.494847 V 73.38643 q 0,-0.07338 -0.055,-0.128412 -0.0459,-0.05503 -0.11924,-0.05503 h -0.50447 q -0.0734,0 -0.12841,0.05503 -0.0459,0.05503 -0.0459,0.128412 v 2.760841 q 0,0.07338 0.0459,0.128411 0.055,0.05503 0.12841,0.05503 h 0.50447 q 0.0734,0 0.11924,-0.05503 0.055,-0.05503 0.055,-0.128411 z m 3.29283,0.862189 h -1.22907 v -4.476048 h 1.11901 v 0.229306 q 0.28434,-0.321028 0.86219,-0.321028 h 0.19261 q 1.13736,0 1.13736,1.210734 v 3.357036 h -1.22908 v -3.503791 q 0,-0.07338 -0.055,-0.128412 -0.0459,-0.05503 -0.11924,-0.05503 h -0.50447 q -0.0734,0 -0.12841,0.05503 -0.0459,0.05503 -0.0459,0.128412 z m 8.10825,-4.375153 h -1.21991 v -0.467784 q 0,-0.07338 -0.055,-0.128411 -0.0459,-0.05503 -0.11924,-0.05503 h -0.50447 q -0.0734,0 -0.12842,0.05503 -0.0459,0.05503 -0.0459,0.128411 v 1.054807 q 0,0.07338 0.0459,0.128411 0.055,0.05503 0.12842,0.05503 h 0.8255 q 1.13735,0.01834 1.13735,1.210734 v 1.27494 q 0,1.210735 -1.13735,1.210735 h -1.08233 q -1.13735,0 -1.13735,-1.210735 v -0.614539 h 1.2199 v 0.660401 q 0,0.07338 0.0459,0.128411 0.055,0.05503 0.12842,0.05503 h 0.56867 q 0.0734,0 0.11924,-0.05503 0.055,-0.05503 0.055,-0.128411 v -1.164874 q 0,-0.07338 -0.055,-0.128411 -0.0459,-0.05503 -0.11924,-0.05503 h -0.8255 q -1.13735,0 -1.13735,-1.210735 V 72.19404 q 0,-1.210735 1.13735,-1.210735 h 1.01812 q 1.13736,0 1.13736,1.210735 z m 2.49485,3.668892 h 0.36689 v 0.797984 h -0.86219 q -1.13736,0 -1.13736,-1.210735 v -4.329292 h 1.22908 v 0.972256 h 0.77047 v 0.889707 h -0.77047 v 2.439813 q 0,0.256822 0.10089,0.348544 0.1009,0.09172 0.30269,0.09172 z m 3.09104,-3.769787 h 1.22908 v 4.476048 h -1.11901 v -0.229305 q -0.28434,0.321028 -0.86219,0.321028 h -0.19262 q -1.13736,0 -1.13736,-1.210735 v -3.357036 h 1.22908 v 3.503792 q 0,0.07338 0.0459,0.128411 0.055,0.05503 0.12841,0.05503 h 0.50448 q 0.0734,0 0.11924,-0.05503 0.055,-0.05503 0.055,-0.128411 z m 3.39372,-0.09172 q 0.46778,0 0.75212,0.220134 V 71.07503 h 1.22908 v 5.934432 h -1.03646 v -0.3302 q -0.28434,0.421923 -0.94474,0.421923 h -0.19262 q -1.13735,0 -1.13735,-1.210735 v -2.238024 q 0,-1.210734 1.13735,-1.210734 z m 0.75212,3.595514 v -2.531535 q 0,-0.07338 -0.055,-0.128412 -0.0459,-0.05503 -0.11924,-0.05503 h -0.50447 q -0.0734,0 -0.12841,0.05503 -0.0459,0.05503 -0.0459,0.128412 v 2.531535 q 0,0.07338 0.0459,0.128411 0.055,0.05503 0.12841,0.05503 h 0.50447 q 0.0734,0 0.11924,-0.05503 0.055,-0.05503 0.055,-0.128411 z m 3.31117,-4.063298 q -0.19261,0.192617 -0.46778,0.192617 -0.27517,0 -0.47696,-0.192617 -0.20179,-0.201789 -0.20179,-0.476956 0,-0.284339 0.20179,-0.476956 0.20179,-0.201789 0.47696,-0.201789 0.27517,0 0.46778,0.201789 0.20179,0.192617 0.20179,0.476956 0,0.284339 -0.20179,0.476956 z m -1.08232,5.035554 v -4.476048 h 1.22908 v 4.476048 z m 5.40245,-3.357036 v 2.238024 q 0,1.210735 -1.13736,1.210735 h -1.03646 q -1.13736,0 -1.13736,-1.210735 v -2.238024 q 0,-1.210734 1.13736,-1.210734 h 1.03646 q 1.13736,0 1.13736,1.210734 z m -1.22908,2.494847 V 73.38643 q 0,-0.07338 -0.055,-0.128412 -0.0459,-0.05503 -0.11924,-0.05503 h -0.50447 q -0.0734,0 -0.12841,0.05503 -0.0459,0.05503 -0.0459,0.128412 v 2.760841 q 0,0.07338 0.0459,0.128411 0.055,0.05503 0.12841,0.05503 h 0.50447 q 0.0734,0 0.11924,-0.05503 0.055,-0.05503 0.055,-0.128411 z m 4.17336,-1.944513 q 1.13736,0 1.13736,1.210734 v 0.476956 q 0,1.210735 -1.13736,1.210735 h -1.01811 q -1.13736,0 -1.13736,-1.210735 v -0.284339 h 1.13736 v 0.403578 q 0,0.07338 0.0459,0.128412 0.055,0.05503 0.12841,0.05503 h 0.75212 q 0.0734,0 0.11924,-0.05503 0.055,-0.05503 0.055,-0.128412 v -0.550333 q 0,-0.07338 -0.055,-0.128412 -0.0459,-0.05503 -0.11924,-0.05503 h -0.94474 q -1.13735,0 -1.13735,-1.210734 v -0.412751 q 0,-1.210734 1.13735,-1.210734 h 0.96309 q 1.13735,0 1.13735,1.210734 v 0.1651 h -1.13735 V 73.53319 q 0,-0.07338 -0.055,-0.128411 -0.0459,-0.05503 -0.11924,-0.05503 h -0.69708 q -0.0734,0 -0.12842,0.05503 -0.0459,0.05503 -0.0459,0.128411 v 0.486129 q 0,0.07338 0.0459,0.128411 0.055,0.05503 0.12842,0.05503 z"
       id="text1"
       aria-label="Mack Kensington Studios" />
  </g>
</svg>
